@relation Rel

@attribute total_words numeric
@attribute total_sentences numeric
@attribute total_syllables numeric
@attribute complex_words numeric
@attribute letter_count numeric
@attribute common_words numeric
@attribute total_different_words numeric
@attribute different_advanced_words numeric
@attribute flesch_reading_ease numeric
@attribute flesch_kinkaid numeric
@attribute gunning_fog numeric
@attribute coleman_liau numeric
@attribute smog_grade numeric
@attribute automated_readibility_index numeric
@attribute lexical_density numeric
@attribute beyond_2000 numeric
@attribute advanced_ttr numeric
@attribute advanced_guiraud numeric
@attribute ttr numeric
@attribute rttr numeric
@attribute cttr numeric
@attribute m numeric
@attribute h numeric
@attribute s numeric
@attribute u numeric
@attribute mwf numeric
@attribute r numeric
@attribute bigram_model numeric
@attribute bigram_perplexety numeric
@attribute a1_words numeric
@attribute a2_words numeric
@attribute b1_words numeric
@attribute b2_words numeric
@attribute c1_words numeric
@attribute c2_words numeric
@attribute bigram_model_reverse numeric
@attribute bigram_perplexety_reverse numeric
@attribute words_per_sentence numeric
@attribute sentences_per_paragraph numeric
@attribute simple_errors_per_word numeric
@attribute complex_errors_per_word numeric
@attribute level numeric

@data
34,1,53,5,154,27,28,17,40.448524,9.47,13.6,9.962354,15.903189,14.41,58.823529,0.794118,0.5,2.915476,0.823529,4.80196,3.395499,0.015613,0.944941,0.955063,64.047554,1.214286,4.80196,2.949799,2.949799,20,20,16,14,8,4,2.288185,2.288185,34,1,0,0,1
33,1,51,3,155,26,28,17,42.594547,9.08,13.2,10.921211,13.023867,13.91,72.727273,0.787879,0.515151,2.95932,0.848485,4.874175,3.446562,0.013439,0.953009,0.96155,74.40863,1.178572,4.874175,0.775686,0.775686,19,19,9,5,5,3,1.118794,1.118794,33,1,6,1,1
34,6,41,2,132,30,32,16,99.06569,-1.84,2,1.804706,6.427356,-4.8,55.882353,0.882353,0.470588,2.743977,0.941176,5.487955,3.88057,0.004875,0.982808,0.98624,205.11829,1.0625,5.487955,0.973881,0.973881,22,20,14,7,5,2,0.955397,0.955397,5.666666,6,1,0,1
37,2,56,7,166,33,30,16,60.01425,3.23,7.2,8.98054,13.816669,6.41,51.351351,0.891892,0.432432,2.630384,0.810811,4.93197,3.487429,0.016084,0.94192,0.953399,62.17192,1.233333,4.93197,1.749328,1.749328,26,19,14,14,7,4,1.661841,1.661841,18.5,2,0,1,1
65,5,101,12,328,48,56,38,62.18462,1.28,5.2,11.594463,11.979248,8.62,60,0.738462,0.584615,4.71332,0.861538,6.945945,4.911525,0.008553,0.964298,0.974558,116.92181,1.160714,6.945945,2.01383,2.01383,32,34,17,20,13,3,2.396728,2.396728,13,5,2,0,1
46,3,54,3,178,36,37,25,91.958626,2.06,6,5.022608,8.841846,0.2,41.304348,0.782609,0.543478,3.686049,0.804348,5.455352,3.857517,0.014853,0.943133,0.956389,67.3262,1.243243,5.455352,0.725332,0.725332,30,24,13,12,3,5,0.800291,0.800291,15.333333,3,2,2,1
28,2,50,6,152,22,19,12,41.553574,1.67,5.6,14.005712,13.023867,9.12,67.857143,0.785714,0.428571,2.267787,0.678571,3.590663,2.538982,0.034923,0.883631,0.897215,28.634796,1.473684,3.590663,1.001189,1.001189,14,17,11,2,4,4,0.923315,0.923315,14,1,0,0,1
30,2,41,2,128,23,29,14,75.99,2.06,6,7.314668,8.841846,4.91,60,0.766667,0.466667,2.556039,0.966667,5.294651,3.743884,0.002931,0.990032,0.991817,341.22757,1.034483,5.294651,1.269516,1.269516,15,19,9,8,7,2,0.606549,0.606549,15,2,1,0,1
33,2,38,0,120,23,27,15,92.66932,2.45,6.4,3.78788,3.1291,0.7,42.424242,0.69697,0.454545,2.611165,0.818182,4.700097,3.32347,0.016414,0.942608,0.952783,60.92352,1.222222,4.700097,1.280118,1.280118,17,18,12,7,6,7,0.449615,0.449615,16.5,2,5,0,1
41,3,57,4,166,32,33,16,75.3487,1.28,5.2,5.840976,9.725611,3.91,56.097561,0.780488,0.390244,2.49878,0.804878,5.153734,3.64424,0.01574,0.941548,0.954093,63.53235,1.242424,5.153734,1.066593,1.066593,23,24,16,10,7,6,2.149103,2.149103,13.666667,3,1,0,1
29,2,49,7,144,17,27,19,49.172672,1.67,5.6,11.355861,13.816669,4.41,48.275862,0.586207,0.655172,3.528211,0.931034,5.013774,3.545274,0.006302,0.978779,0.982333,158.67403,1.074074,5.013774,0.686997,0.686997,14,13,7,9,2,2,1.34561,1.34561,14.5,2,0,0,1
29,1,43,4,129,24,26,17,51.95862,7.52,11.6,9.335174,14.554592,11.91,51.724138,0.827586,0.586207,3.156821,0.896552,4.828079,3.413967,0.009631,0.967571,0.972847,103.83475,1.115385,4.828079,1.1274,1.1274,20,17,9,7,5,1,0.693694,0.693694,29,1,0,0,1
45,4,59,4,175,43,39,19,84.496254,0.5,4.4,4.435556,8.648137,-1.8,51.111111,0.955556,0.422222,2.832353,0.866667,5.813777,4.110961,0.009875,0.962408,0.971336,101.26201,1.153846,5.813777,1.652181,1.652181,36,28,19,18,7,8,1.338059,1.338059,11.25,4,1,0,1
39,5,51,3,150,36,29,11,88.28723,-1.06,2.8,3.020513,7.554174,-3.8,48.717949,0.923077,0.282051,1.76141,0.74359,4.643716,3.283603,0.022074,0.919132,0.935056,45.302845,1.344828,4.643716,0.959824,0.959824,36,23,13,8,8,6,1.800204,1.800204,7.8,5,1,0,1
39,2,44,2,144,29,31,23,91.596344,3.62,7.6,4.392821,8.841846,2.2,51.282051,0.74359,0.589744,3.682948,0.794872,4.963973,3.510059,0.017105,0.937336,0.95016,58.463318,1.258064,4.963973,1.615595,1.615595,22,22,12,10,6,4,1.556359,1.556359,19.5,2,4,0,1
28,1,52,8,148,20,26,21,21.300718,7.13,11.2,14.222857,19.287186,16.12,46.428571,0.714286,0.75,3.968627,0.928571,4.913538,3.474396,0.006674,0.97776,0.981314,149.82986,1.076923,4.913538,0.277171,0.277171,14,10,6,8,7,6,0.722106,0.722106,28,1,0,0,2
66,4,97,9,289,56,48,31,65.75114,2.45,6.4,8.153333,11.407656,5.41,51.515152,0.848485,0.469697,3.815836,0.727273,5.908391,4.177864,0.018142,0.923991,0.944819,55.120117,1.375,5.908391,2.021754,2.021754,39,39,28,18,12,11,3.300743,3.300743,16.5,4,0,0,2
39,6,51,2,147,32,33,23,89.606735,-1.45,2.4,1.809232,6.427356,-4.3,56.410256,0.820513,0.589744,3.682948,0.846154,5.284229,3.736514,0.012447,0.954401,0.964056,80.343346,1.181818,5.284229,0.774775,0.774775,21,21,16,13,10,4,0.681998,0.681998,6.5,6,3,0,2
52,3,76,9,242,41,40,26,65.59551,2.84,6.8,9.856923,13.023867,5.91,48.076923,0.788462,0.5,3.605551,0.769231,5.547002,3.922323,0.016805,0.9336,0.949995,59.5063,1.3,5.547002,1.002277,1.002277,29,31,23,11,9,6,1.203762,1.203762,17.333334,3,0,0,2
38,1,51,3,155,33,35,20,54.722893,11.03,15.2,7.405263,13.023867,16.41,60.526316,0.868421,0.526316,3.244428,0.921053,5.67775,4.014775,0.006215,0.977392,0.982291,160.89906,1.085714,5.67775,1.360654,1.360654,20,25,20,14,9,4,1.793202,1.793202,38,1,1,0,2
62,4,80,6,257,44,49,34,81.941216,2.06,6,6.66387,9.888513,4.91,54.83871,0.709677,0.548387,4.318004,0.790323,6.223006,4.40033,0.013815,0.942984,0.958587,72.38512,1.265306,6.223006,2.367429,2.367429,33,30,22,15,15,6,1.107095,1.107095,15.5,4,2,0,2
37,2,51,3,172,32,34,15,71.446686,3.23,7.2,9.934054,10.125756,6.41,54.054054,0.864865,0.405405,2.465985,0.918919,5.589566,3.95242,0.006485,0.976583,0.981545,154.19975,1.088235,5.589566,1.064141,1.064141,23,24,13,10,7,3,1.693607,1.693607,18.5,2,0,0,2
66,3,86,3,257,55,48,31,74.26864,4.79,8.8,5.75091,8.841846,3.7,45.454545,0.833333,0.469697,3.815836,0.727273,5.908391,4.177864,0.018142,0.923991,0.944819,55.120117,1.375,5.908391,3.43157,3.43157,45,42,26,18,18,10,4.063975,4.063975,22,3,3,1,2
32,4,39,1,113,25,27,16,95.60875,-0.67,3.2,1.26375,5.888618,-3.3,50,0.78125,0.5,2.828427,0.84375,4.772971,3.375,0.014145,0.950978,0.959559,70.69684,1.185185,4.772971,1.038836,1.038836,20,20,7,7,4,3,1.266048,1.266048,8,2,2,1,2
51,2,64,4,206,40,37,20,74.78779,5.96,10,6.789804,11.208143,9.91,52.941176,0.784314,0.392157,2.80056,0.72549,5.181037,3.663546,0.020758,0.918382,0.937812,48.173515,1.378378,5.181037,0.816689,0.816689,29,25,19,9,5,6,2.234996,2.234996,25.5,2,2,0,2
75,4,112,12,339,55,49,29,61.46775,3.23,7.2,9.198934,12.688353,6.41,44,0.733333,0.386667,3.348632,0.653333,5.658032,4.000833,0.022835,0.901408,0.929036,43.791668,1.530612,5.658032,1.933497,1.933497,43,35,25,20,12,7,2.006358,2.006358,18.75,4,3,1,2
75,4,112,12,339,55,49,29,61.46775,3.23,7.2,9.198934,12.688353,6.41,44,0.733333,0.386667,3.348632,0.653333,5.658032,4.000833,0.022835,0.901408,0.929036,43.791668,1.530612,5.658032,1.933497,1.933497,43,35,25,20,12,7,2.006358,2.006358,18.75,4,3,1,2
48,3,75,7,217,44,37,20,58.4075,2.45,6.4,8.932501,11.855464,5.41,52.083333,0.916667,0.416667,2.886751,0.770833,5.34049,3.776297,0.017368,0.932764,0.948578,57.57653,1.297297,5.34049,1.531124,1.531124,33,33,19,12,3,5,1.29185,1.29185,16,3,0,1,2
76,3,132,16,391,67,55,34,34.18482,5.96,10,13.282632,16.322123,14.62,55.263158,0.881579,0.447368,3.900068,0.723684,6.308933,4.461089,0.017243,0.925324,0.94705,57.993946,1.381818,6.308933,3.232901,3.232901,43,38,26,28,11,12,2.401845,2.401845,25.333334,3,0,0,2
75,5,99,5,307,60,56,38,79.937996,2.06,6,6.295465,8.841846,4.91,50.666667,0.8,0.506667,4.387862,0.746667,6.466323,4.572381,0.015672,0.932337,0.9521,63.808216,1.339286,6.466323,2.727516,2.727516,46,43,34,21,19,7,3.778963,3.778963,15,5,2,0,2
98,6,136,10,409,79,72,44,72.85258,2.45,6.4,6.927756,10.504224,5.41,56.122449,0.806122,0.44898,4.444671,0.734694,7.273098,5.142857,0.014666,0.932758,0.954288,68.186295,1.361111,7.273098,5.126909,5.126909,57,60,34,27,25,12,5.839295,5.839295,16.333334,3,4,0,2
108,4,168,16,502,90,71,40,47.829998,6.74,10.8,10.434815,14.167174,10.91,50.925926,0.833333,0.37037,3.849002,0.657407,6.831978,4.830938,0.019134,0.910414,0.939203,52.26435,1.521127,6.831978,5.224413,5.224413,64,51,42,25,17,13,4.046178,4.046178,27,2,1,0,2
53,5,73,4,238,46,39,22,79.551476,0.11,4,7.812078,8.238735,2.41,58.490566,0.867924,0.415094,3.021932,0.735849,5.357062,3.788015,0.019459,0.922744,0.941687,51.39114,1.358974,5.357062,1.973123,1.973123,36,33,22,17,12,9,2.690193,2.690193,10.6,2.5,0,0,2
89,4,141,12,455,68,68,40,50.22204,4.79,8.8,12.930338,12.688353,13.12,51.685393,0.764045,0.449438,4.239992,0.764045,7.207985,5.096816,0.013358,0.940042,0.958822,74.86329,1.308824,7.207985,4.279578,4.279578,48,54,32,24,18,13,4.160001,4.160001,22.25,4,0,0,2
99,4,143,10,433,84,66,37,59.513752,5.57,9.6,8.721615,11.855464,9.41,50.505051,0.848485,0.373737,3.71864,0.666667,6.63325,4.690416,0.019203,0.911762,0.939425,52.07631,1.5,6.63325,3.380571,3.380571,64,56,46,26,22,17,3.539595,3.539595,24.75,2,2,0,2
61,4,91,9,256,51,45,29,65.14969,2.06,6,6.935737,11.407656,4.91,55.737705,0.836066,0.47541,3.713069,0.737705,5.76166,4.074109,0.018001,0.925998,0.945613,55.551125,1.355555,5.76166,1.10151,1.10151,37,38,19,11,14,5,1.605862,1.605862,15.25,2,0,2,2
61,2,87,7,241,55,42,24,55.218487,7.91,12,6.460328,13.816669,7.7,44.262295,0.901639,0.393443,3.072885,0.688525,5.377549,3.802501,0.022084,0.909215,0.932675,45.281597,1.452381,5.377549,4.576712,4.576712,45,37,24,24,18,5,4.842392,4.842392,30.5,2,2,0,2
59,5,105,14,277,46,47,33,44.298676,0.5,4.4,9.297626,12.688353,2.91,59.322034,0.779661,0.559322,4.296234,0.79661,6.118879,4.326701,0.013677,0.944234,0.959173,73.118095,1.255319,6.118879,1.606857,1.606857,28,27,21,16,12,8,2.17862,2.17862,11.8,2.5,3,1,2
61,3,82,5,257,55,44,30,72.472084,4.01,8,7.517376,10.504224,7.41,45.901639,0.901639,0.491803,3.841106,0.721311,5.633623,3.983573,0.019331,0.920532,0.941425,51.72972,1.386364,5.633623,3.08399,3.08399,41,37,23,17,9,12,1.861668,1.861668,20.333334,1.5,0,0,2
53,1,82,7,227,43,42,26,22.149435,16.88,21.2,8.825662,18.243607,23.91,52.830189,0.811321,0.490566,3.571375,0.792453,5.769144,4.079401,0.014757,0.941409,0.956211,67.763145,1.261905,5.769144,3.391657,3.391657,29,32,18,19,14,9,3.001315,3.001315,53,1,0,0,2
37,2,70,10,190,28,29,21,28.00345,3.23,7.2,12.794593,15.903189,11.12,64.864865,0.756757,0.567568,3.452379,0.783784,4.76757,3.371182,0.018684,0.932532,0.945596,53.520306,1.275862,4.76757,3.005581,3.005581,17,20,10,8,7,7,2.544797,2.544797,18.5,2,0,0,2
82,7,126,8,368,66,68,41,64.94988,0.5,4.4,8.061463,9.029199,2.91,57.317073,0.804878,0.5,4.527693,0.829268,7.509344,5.309908,0.009641,0.957517,0.97073,103.72851,1.205882,7.509344,3.275485,3.275485,48,43,25,19,13,10,2.619675,2.619675,11.714286,2.333333,0,0,2
43,2,58,2,186,35,33,19,70.90087,4.4,8.400001,8.257676,8.841846,7.91,44.186047,0.813953,0.44186,2.897473,0.767442,5.032453,3.558482,0.018711,0.929625,0.944915,53.445503,1.30303,5.032453,1.94557,1.94557,26,29,21,15,10,5,2.203682,2.203682,21.5,2,0,0,2
60,6,104,15,300,42,45,29,50.045,0.11,4,10.64,12.161745,7.12,61.666667,0.7,0.483333,3.743884,0.75,5.809475,4.107919,0.017161,0.929737,0.948316,58.27147,1.333333,5.809475,1.264445,1.264445,30,35,16,20,13,11,1.808051,1.808051,10,2,2,1,2
71,5,115,11,340,54,54,35,55.39383,1.67,5.6,10.27324,11.602472,4.41,59.15493,0.760563,0.492958,4.153736,0.760563,6.408621,4.53158,0.015063,0.935793,0.95423,66.389175,1.314815,6.408621,3.167487,3.167487,29,40,27,21,24,5,2.3271,2.3271,14.2,2.5,3,1,2
28,5,49,6,152,23,26,18,53.101,-1.84,2,10.834284,9.3871,4.62,53.571429,0.821429,0.642857,3.40168,0.928571,4.913538,3.474396,0.006674,0.97776,0.981314,149.82986,1.076923,4.913538,2.102493,2.102493,11,13,13,7,2,3,1.256333,1.256333,5.6,2.5,2,0,2
36,4,46,3,145,27,30,15,89.6,-0.28,3.6,4.594444,7.908726,1.91,63.888889,0.75,0.416667,2.5,0.833333,5,3.535534,0.014198,0.949122,0.959088,70.433846,1.2,5,0.694866,0.694866,18,17,13,11,10,3,1.165371,1.165371,9,2,0,0,2
67,3,88,4,266,52,50,33,73.05025,4.79,8.8,6.219104,9.725611,3.7,47.761194,0.776119,0.492537,4.031592,0.746269,6.108472,4.319342,0.016554,0.930395,0.949766,60.4075,1.34,6.108472,2.423113,2.423113,38,39,21,16,5,12,2.437423,2.437423,22.333334,1,1,1,2
57,3,81,8,244,54,45,20,67.32895,3.62,7.6,7.812631,12.457975,6.91,49.122807,0.947368,0.350877,2.649065,0.789474,5.960396,4.214636,0.014461,0.941532,0.956874,69.14991,1.266667,5.960396,2.14495,2.14495,39,36,23,19,8,8,1.788948,1.788948,19,3,0,0,2
93,6,131,8,397,84,62,39,71.93476,2.06,6,7.390969,9.725611,4.91,52.688172,0.903226,0.419355,4.044112,0.666667,6.4291,4.546061,0.019736,0.910545,0.937992,50.66887,1.5,6.4291,4.332683,4.332683,54,60,32,31,18,6,3.624256,3.624256,15.5,3,1,0,2
56,4,84,8,257,48,49,26,65.725,1.67,5.6,9.070715,10.934197,4.41,55.357143,0.857143,0.464286,3.474396,0.875,6.5479,4.630065,0.008241,0.966827,0.975776,121.34567,1.142857,6.5479,2.304085,2.304085,39,34,20,8,9,4,1.511097,1.511097,14,2,4,0,2
41,3,61,5,169,32,39,23,67.09504,1.28,5.2,6.271218,10.504224,3.91,36.585366,0.780488,0.560976,3.591996,0.951219,6.090777,4.30683,0.003626,0.986533,0.989666,275.75488,1.051282,6.090777,0.945254,0.945254,26,24,14,13,7,7,1.730768,1.730768,13.666667,3,0,0,2
41,4,54,3,163,29,30,20,85.00686,0.11,4,4.688781,7.908726,-2.3,46.341463,0.707317,0.487805,3.123475,0.731707,4.685213,3.312946,0.022651,0.915883,0.933028,44.14768,1.366667,4.685213,1.204922,1.204922,19,20,13,13,7,7,2.629642,2.629642,10.25,2,1,0,2
117,6,151,4,462,101,84,42,77.85789,3.62,7.6,5.900513,7.793538,2.2,51.282051,0.863248,0.358974,3.882901,0.717949,7.765803,5.491252,0.014611,0.930419,0.95379,68.44066,1.392857,7.765803,3.66283,3.66283,75,76,45,32,15,21,4.120659,4.120659,19.5,3,2,0,2
34,1,49,3,151,31,30,15,50.401474,9.47,13.6,9.443529,13.023867,14.41,44.117647,0.911765,0.441176,2.572479,0.882353,5.144958,3.638034,0.010065,0.964506,0.971325,99.35208,1.133333,5.144958,1.583876,1.583876,25,24,11,10,9,2,1.580899,1.580899,34,1,0,1,2
39,3,58,5,175,36,36,19,67.824615,1.28,5.2,8.307691,10.504224,3.91,48.717949,0.923077,0.487179,3.042435,0.923077,5.764614,4.076197,0.005964,0.978152,0.982987,167.68153,1.083333,5.764614,1.271536,1.271536,27,28,13,13,9,6,1.617369,1.617369,13,3,0,0,2
90,4,129,9,370,78,67,41,62.737503,4.79,8.8,7.057778,11.407656,8.41,48.888889,0.866667,0.455556,4.321779,0.744444,7.06242,4.993885,0.014575,0.934416,0.954899,68.61104,1.343284,7.06242,4.996733,4.996733,59,60,39,34,26,14,5.346477,5.346477,22.5,4,1,0,2
43,3,56,3,163,35,37,25,82.109924,1.67,5.6,4.424186,8.841846,-0.3,51.162791,0.813953,0.581395,3.812464,0.860465,5.642447,3.989813,0.010623,0.960044,0.96922,94.13374,1.162162,5.642447,1.309462,1.309462,27,23,16,13,9,4,1.932456,1.932456,14.333333,3,1,0,2
57,6,82,8,236,43,42,28,75.487236,-0.28,3.6,5.429474,9.725611,1.91,47.368421,0.754386,0.491228,3.708691,0.736842,5.563036,3.93366,0.018682,0.924467,0.943781,53.52733,1.357143,5.563036,1.321106,1.321106,35,33,18,14,7,6,2.073949,2.073949,9.5,3,1,0,2
67,4,91,6,293,55,49,28,74.92927,2.45,6.4,8.146865,9.888513,5.41,53.731343,0.820896,0.41791,3.420744,0.731343,5.986303,4.232956,0.017697,0.92559,0.946161,56.506886,1.367347,5.986303,3.223465,3.223465,35,35,24,16,16,6,2.522754,2.522754,16.75,1.333333,0,0,2
28,2,37,1,104,25,23,11,80.832146,1.67,5.6,3.925713,7.168622,-0.3,57.142857,0.892857,0.392857,2.078804,0.821429,4.346591,3.073504,0.017716,0.940967,0.949447,56.446396,1.217391,4.346591,2.116024,2.116024,20,16,7,7,5,4,1.119533,1.119533,14,2,0,0,2
28,2,39,2,110,22,26,17,74.78928,1.67,5.6,5.185714,8.841846,-0.3,53.571429,0.785714,0.607143,3.212698,0.928571,4.913538,3.474396,0.006674,0.97776,0.981314,149.82986,1.076923,4.913538,0.413958,0.413958,13,18,9,5,4,6,0.398367,0.398367,14,2,1,0,2
63,4,80,7,236,49,48,33,83.42017,2.06,6,4.347302,10.4301,0.2,52.380952,0.777778,0.52381,4.157609,0.761905,6.047432,4.27618,0.015842,0.934365,0.95224,63.12408,1.3125,6.047432,2.144889,2.144889,36,35,21,15,9,10,2.208325,2.208325,15.75,4,0,2,2
81,4,115,8,345,58,54,36,66.17014,4.01,8,7.782717,10.934197,7.41,51.851852,0.716049,0.444444,4,0.666667,6,4.242641,0.020996,0.907732,0.934606,47.62724,1.5,6,2.499257,2.499257,42,44,30,19,11,16,2.425622,2.425622,20.25,2,0,0,2
70,3,104,7,344,48,58,41,57.460236,5.18,9.2,11.827428,11.855464,8.91,57.142857,0.685714,0.585714,4.900437,0.828571,6.932326,4.901895,0.010419,0.955737,0.968703,95.98244,1.206897,6.932326,1.805752,1.805752,40,35,29,18,13,5,2.082355,2.082355,23.333334,3,4,1,2
86,4,126,14,380,65,59,39,61.063663,4.4,8.400001,8.804651,13.454273,7.91,53.488372,0.755814,0.453488,4.205478,0.686047,6.362133,4.498708,0.018991,0.915406,0.940834,52.65576,1.457627,6.362133,2.790589,2.790589,45,48,24,26,12,10,2.178346,2.178346,21.5,2,0,0,2
69,3,92,7,285,55,56,34,70.689995,5.18,9.2,7.200001,11.855464,8.91,43.478261,0.797101,0.492754,4.093119,0.811594,6.741608,4.767036,0.011644,0.950697,0.964966,85.87901,1.232143,6.741608,2.369803,2.369803,39,37,27,16,8,11,2.151123,2.151123,23,3,0,0,2
59,3,93,8,280,46,48,28,53.520794,3.62,7.6,10.600001,12.457975,6.91,45.762712,0.779661,0.474576,3.645289,0.813559,6.249068,4.418758,0.01241,0.949397,0.963053,80.57865,1.229167,6.249068,2.132022,2.132022,35,35,25,14,11,5,2.72854,2.72854,19.666666,1.5,0,0,2
45,2,63,5,198,38,36,19,65.5575,4.79,8.8,8.756444,12.161745,8.41,42.222222,0.844444,0.422222,2.832353,0.8,5.366563,3.794733,0.015399,0.941381,0.95481,64.93882,1.25,5.366563,0.70748,0.70748,31,28,17,7,5,5,1.332546,1.332546,22.5,2,0,0,2
86,4,125,14,363,71,58,31,62.047386,4.4,8.400001,7.642325,13.454273,7.91,45.348837,0.825581,0.360465,3.342816,0.674419,6.254301,4.422459,0.019853,0.911569,0.938022,50.370636,1.482759,6.254301,4.932425,4.932425,47,50,38,34,22,3,3.23011,3.23011,21.5,2,0,0,2
67,4,99,8,302,50,56,32,64.82778,2.45,6.4,8.936715,10.934197,5.41,50.746269,0.746269,0.477612,3.909422,0.835821,6.841489,4.837663,0.010144,0.957347,0.96965,98.58006,1.196428,6.841489,2.532917,2.532917,32,34,24,19,13,10,3.410024,3.410024,16.75,1.333333,0,0,2
40,1,57,4,174,35,32,19,45.680004,11.81,16,9.038,14.554592,17.41,50,0.875,0.475,3.004164,0.8,5.059644,3.577709,0.016398,0.939509,0.952197,60.98241,1.25,5.059644,1.311048,1.311048,22,18,19,16,12,2,2.196194,2.196194,40,1,0,0,2
64,4,79,6,246,54,47,26,86.16688,2.45,6.4,4.95125,9.888513,0.7,40.625,0.84375,0.40625,3.25,0.734375,5.875,4.154253,0.01785,0.925765,0.945879,56.023067,1.361702,5.875,1.289791,1.289791,41,34,25,14,6,5,2.086348,2.086348,16,4,1,0,2
83,10,113,2,340,74,58,31,83.232185,-0.67,3.2,4.720481,5.683918,1.41,59.036145,0.891566,0.373494,3.402692,0.698795,6.366327,4.501673,0.018355,0.918893,0.943074,54.481815,1.431034,6.366327,3.031557,3.031557,50,58,35,30,23,10,2.958188,2.958188,8.3,10,1,0,2
87,5,135,14,410,64,60,36,57.898132,2.84,6.8,10.209196,12.688353,5.91,50.574713,0.735632,0.413793,3.859605,0.689655,6.432675,4.548588,0.01863,0.9168,0.941953,53.67678,1.45,6.432675,2.808407,2.808407,47,42,33,28,21,7,5.286282,5.286282,17.4,1.666667,0,0,2
100,6,131,4,415,87,67,41,79.09234,2.45,6.4,6.826,7.793538,5.41,54,0.87,0.41,4.1,0.67,6.7,4.737616,0.018884,0.913037,0.940427,52.955757,1.492537,6.7,3.206289,3.206289,69,66,43,28,18,9,4.468498,4.468498,16.666666,1.5,0,0,2
80,7,119,8,350,64,62,37,69.3925,0.5,4.4,7.335,9.029199,2.91,52.5,0.8,0.4625,4.136726,0.775,6.931811,4.90153,0.013274,0.941832,0.95944,75.33441,1.290323,6.931811,1.096871,1.096871,52,45,26,18,10,5,3.19022,3.19022,11.428572,1.75,2,1,2
98,8,139,7,402,91,60,35,74.40737,0.89,4.8,5.903673,7.908726,3.41,56.122449,0.928571,0.357143,3.535534,0.612245,6.060916,4.285714,0.023339,0.892993,0.925678,42.84742,1.633333,6.060916,3.263545,3.263545,79,54,29,25,17,15,7.300067,7.300067,12.25,2.666667,5,0,2
95,7,119,2,346,81,64,37,87.08737,1.28,5.2,3.434527,6.07915,-0.8,40,0.852632,0.389474,3.79612,0.673684,6.566261,4.643048,0.019047,0.913262,0.940149,52.501568,1.484375,6.566261,4.185803,4.185803,75,62,34,27,12,4,5.084413,5.084413,13.571428,1.166667,1,0,2
86,8,108,3,312,73,61,36,89.68189,0.11,4,2.778605,6.2581,-2.3,39.534884,0.848837,0.418605,3.88198,0.709302,6.577799,4.651206,0.017311,0.92289,0.946284,57.76636,1.409836,6.577799,3.285071,3.285071,65,57,35,21,18,15,3.614687,3.614687,10.75,1.333333,2,1,2
59,4,73,3,217,48,45,33,87.18918,1.67,5.6,3.81966,7.908726,-0.3,44.067797,0.813559,0.559322,4.296234,0.762712,5.858501,4.142586,0.016292,0.933569,0.951092,61.380024,1.311111,5.858501,1.22687,1.22687,40,33,12,13,4,12,2.020608,2.020608,14.75,2,1,1,2
49,3,70,6,219,35,39,25,69.39952,2.45,6.4,8.667753,11.208143,5.41,48.979592,0.714286,0.510204,3.571429,0.795918,5.571429,3.939595,0.01507,0.941349,0.955521,66.35571,1.25641,5.571429,3.744879,3.744879,24,21,18,12,11,2,2.561158,2.561158,16.333334,3,0,1,2
47,2,77,7,225,29,39,28,44.382496,5.18,9.2,11.089361,13.816669,8.91,44.680851,0.617021,0.595745,4.08422,0.829787,5.688734,4.022543,0.012587,0.951538,0.963152,79.44669,1.205128,5.688734,2.257627,2.257627,25,24,25,21,12,10,1.671462,1.671462,23.5,2,2,0,2
140,7,194,13,613,117,99,62,69.30357,4.01,8,8.466001,10.65028,7.41,53.571429,0.835714,0.442857,5.239956,0.707143,8.367027,5.916382,0.01419,0.929877,0.954495,70.47111,1.414141,8.367027,3.276737,3.276737,88,85,58,43,33,16,5.389502,5.389502,20,7,3,1,3
95,6,133,8,415,80,71,49,72.324165,2.06,6,8.016842,9.725611,4.91,50.526316,0.842105,0.515789,5.027294,0.747368,7.284446,5.150881,0.014042,0.936055,0.95641,71.21568,1.338028,7.284446,3.771012,3.771012,57,53,34,26,21,19,4.653151,4.653151,15.833333,3,6,1,3
84,3,111,5,357,62,65,44,66.62215,7.13,11.2,8.132857,10.504224,11.41,44.047619,0.738095,0.52381,4.800794,0.77381,7.092081,5.014859,0.013062,0.942126,0.959951,76.559586,1.292308,7.092081,2.937859,2.937859,44,45,32,25,14,8,1.709902,1.709902,28,3,5,0,3
61,3,94,12,299,51,51,32,55.829456,4.01,8,11.565902,14.554592,7.41,60.655738,0.836066,0.52459,4.09718,0.836066,6.529881,4.617323,0.010595,0.956445,0.968498,94.38397,1.196078,6.529881,1.433202,1.433202,36,39,23,18,8,7,2.280331,2.280331,20.333334,3,1,0,3
106,10,180,22,515,82,79,53,52.415623,0.11,4,9.975471,11.602472,2.41,55.660377,0.773585,0.5,5.147815,0.745283,7.673158,5.425742,0.013518,0.936958,0.95771,73.973854,1.341772,7.673158,2.377349,2.377349,58,51,42,28,22,11,2.790165,2.790165,10.6,5,5,0,3
80,3,116,7,366,70,63,38,57.09833,6.35,10.400001,9.990998,11.855464,10.41,53.75,0.875,0.475,4.248529,0.7875,7.043614,4.980588,0.012441,0.945484,0.962059,80.38011,1.269841,7.043614,2.569543,2.569543,50,53,32,25,18,12,2.843085,2.843085,26.666666,1.5,0,1,3
99,4,149,13,468,83,74,43,54.386475,5.57,9.6,10.800404,13.078686,9.41,52.525253,0.838384,0.434343,4.321662,0.747475,7.43728,5.258951,0.013784,0.93666,0.957092,72.54692,1.337838,7.43728,3.392104,3.392104,56,61,35,38,18,13,3.161127,3.161127,24.75,2,0,0,3
115,10,162,14,511,96,84,54,75.98685,0.5,4.4,7.753738,9.888513,2.91,53.913043,0.834783,0.469565,5.035526,0.730435,7.83304,5.538796,0.013952,0.9338,0.956012,71.67552,1.369048,7.83304,3.264835,3.264835,65,68,47,33,20,13,4.937888,4.937888,11.5,3.333333,3,0,3
91,5,118,9,365,72,65,38,78.6609,3.23,7.2,6.158242,10.793553,6.41,53.846154,0.791209,0.417582,3.983482,0.714286,6.813851,4.818121,0.016536,0.925408,0.948542,60.474094,1.4,6.813851,4.342548,4.342548,53,42,37,25,12,7,4.063036,4.063036,18.2,1.666667,1,2,3
168,7,244,20,727,147,105,63,59.603577,5.57,9.6,8.411667,12.457975,9.41,55.952381,0.875,0.375,4.860556,0.625,8.100925,5.728219,0.017901,0.908273,0.941117,55.861286,1.6,8.100925,7.192476,7.192476,86,100,70,57,37,17,10.050831,10.050831,24,2.333333,2,0,3
88,5,123,8,347,78,64,38,70.723274,2.84,6.8,5.704091,10.355216,1.2,46.590909,0.886364,0.431818,4.050814,0.727273,6.822423,4.824182,0.015886,0.928874,0.95078,62.94963,1.375,6.822423,3.581685,3.581685,59,49,36,24,12,18,6.423331,6.423331,17.6,5,2,0,3
64,5,94,8,300,51,55,34,69.58675,0.89,4.8,9.45,10.355216,3.41,64.0625,0.796875,0.53125,4.25,0.859375,6.875,4.861359,0.008762,0.96356,0.973955,114.12946,1.163636,6.875,1.858368,1.858368,33,33,23,21,11,8,2.197061,2.197061,12.8,2.5,2,0,3
183,12,271,27,826,145,109,75,66.07429,2.06,6,8.799346,10.793553,4.91,60.10929,0.79235,0.409836,5.544159,0.595628,8.057512,5.697521,0.019092,0.900539,0.936527,52.37742,1.678899,8.057512,4.674795,4.674795,103,93,61,50,38,22,7.248051,7.248051,15.25,4,3,1,3
77,4,129,18,368,68,61,37,45.56378,3.62,7.6,10.764154,14.836746,6.91,57.142857,0.883117,0.480519,4.216541,0.792208,6.951595,4.91552,0.012345,0.946376,0.962475,81.005104,1.262295,6.951595,6.363635,6.363635,48,46,32,22,19,7,4.088111,4.088111,19.25,4,0,0,3
113,7,147,7,455,100,76,47,80.395134,2.45,6.4,6.042479,8.648137,5.41,51.327434,0.884956,0.415929,4.421388,0.672566,7.149478,5.055445,0.017749,0.916094,0.943584,56.34172,1.486842,7.149478,5.753724,5.753724,79,74,42,34,14,12,5.294136,5.294136,16.142857,1.75,3,0,3
93,6,123,9,377,78,65,43,79.21217,2.06,6,6.126451,10.125756,4.91,49.462366,0.83871,0.462366,4.458892,0.698925,6.740186,4.766031,0.017436,0.92097,0.945525,57.352757,1.430769,6.740186,3.955413,3.955413,60,60,36,31,18,13,3.937794,3.937794,15.5,1.5,2,0,3
116,6,150,12,468,99,80,52,77.81512,3.62,7.6,6.391725,11.208143,6.91,50.862069,0.853448,0.448276,4.828079,0.689655,7.427814,5.252257,0.016443,0.921835,0.947791,60.814953,1.45,7.427814,3.72011,3.72011,73,66,40,26,24,14,2.757984,2.757984,19.333334,6,2,0,3
103,6,171,16,506,69,76,52,48.95841,2.84,6.8,11.361942,12.457975,5.91,44.660194,0.669903,0.504854,5.123712,0.737864,7.488503,5.295171,0.014152,0.934409,0.955763,70.66125,1.355263,7.488503,2.694557,2.694557,47,46,34,20,12,10,1.84705,1.84705,17.166666,3,7,2,3
111,4,174,21,507,88,77,52,46.052532,6.74,10.8,9.99063,15.774803,10.91,49.54955,0.792793,0.468468,4.935622,0.693694,7.308516,5.167902,0.016489,0.922344,0.947833,60.64581,1.441558,7.308516,3.014017,3.014017,58,65,42,29,14,13,4.023439,4.023439,27.75,0.8,1,0,3
80,5,113,10,326,71,63,31,71.097496,2.45,6.4,6.310998,11.208143,5.41,50,0.8875,0.3875,3.465905,0.7875,7.043614,4.980588,0.012441,0.945484,0.962059,80.38011,1.269841,7.043614,3.59996,3.59996,55,54,37,32,16,9,2.389809,2.389809,16,1.666667,0,1,3
97,2,139,15,418,76,73,49,36.37657,14.93,19.2,8.928248,18.7741,21.41,49.484536,0.783505,0.505155,4.975196,0.752577,7.412027,5.241095,0.013582,0.937865,0.957811,73.62486,1.328767,7.412027,4.231107,4.231107,50,54,34,28,10,14,3.4454,3.4454,48.5,1,2,1,3
67,6,88,3,257,47,49,33,84.384415,0.5,4.4,4.103881,7.168622,-1.8,44.776119,0.701493,0.492537,4.031592,0.731343,5.986303,4.232956,0.017697,0.92559,0.946161,56.506886,1.367347,5.986303,2.15977,2.15977,38,34,24,18,16,7,1.431336,1.431336,11.166667,1.5,1,0,3
94,6,143,18,434,73,70,48,62.233334,2.06,6,9.458723,13.023867,4.91,59.574468,0.776596,0.510638,4.950822,0.744681,7.219949,5.105275,0.014282,0.935113,0.955678,70.01886,1.342857,7.219949,2.357624,2.357624,49,50,35,29,17,15,2.40081,2.40081,15.666667,2,1,0,3
101,5,139,8,400,85,69,42,69.9023,4.01,8,6.021782,10.355216,2.7,52.475248,0.841584,0.415842,4.179156,0.683168,6.865756,4.854823,0.017889,0.917442,0.943658,55.90172,1.463768,6.865756,3.619035,3.619035,61,58,30,16,19,8,3.92753,3.92753,20.2,2.5,2,0,3
64,5,116,19,345,48,53,35,40.5055,0.89,4.8,13.584375,14.265292,8.12,51.5625,0.75,0.546875,4.375,0.828125,6.625,4.684582,0.010904,0.954653,0.967439,91.71325,1.207547,6.625,2.312746,2.312746,30,30,20,10,11,10,1.364322,1.364322,12.8,2.5,0,1,3
114,5,152,9,446,88,73,43,70.893,4.79,8.8,5.905966,10.793553,3.7,56.140351,0.77193,0.377193,4.027319,0.640351,6.837076,4.834543,0.019871,0.905887,0.936446,50.324463,1.561644,6.837076,3.014051,3.014051,72,66,46,25,21,10,3.64388,3.64388,22.8,1.666667,0,0,3
97,5,131,6,368,86,70,40,72.89039,3.62,7.6,4.981855,9.3871,2.2,48.453608,0.886598,0.412371,4.061385,0.721649,7.107423,5.025707,0.015588,0.928692,0.951347,64.1538,1.385714,7.107423,4.199285,4.199285,63,64,40,27,24,12,6.921233,6.921233,19.4,1.666667,3,1,3
83,5,110,10,348,69,61,29,77.865524,2.45,6.4,7.070361,11.208143,5.41,48.192771,0.831325,0.349398,3.183164,0.73494,6.69562,4.734518,0.015772,0.930306,0.951381,63.403446,1.360656,6.69562,2.226974,2.226974,51,45,35,24,16,10,3.474456,3.474456,16.6,2.5,1,1,3
76,5,124,16,363,63,55,33,53.375423,2.06,6,10.337367,13.348372,4.91,51.315789,0.828947,0.434211,3.78536,0.723684,6.308933,4.461089,0.017243,0.925324,0.94705,57.993946,1.381818,6.308933,4.120465,4.120465,41,38,31,23,16,7,2.317539,2.317539,15.2,5,2,0,3
184,15,219,7,659,161,89,52,93.69194,0.89,4.8,2.846303,7.031649,-1.3,41.304348,0.875,0.282609,3.833491,0.483696,6.561167,4.639446,0.026707,0.860727,0.909188,37.444,2.067416,6.561167,9.240586,9.240586,149,114,83,59,33,26,10.599352,10.599352,12.266666,2.142857,11,1,3
150,12,193,10,553,121,73,42,85.2955,0.89,4.8,3.509601,7.793538,-1.3,44,0.806667,0.28,3.429286,0.486667,5.960425,4.214657,0.028685,0.856271,0.903715,34.861576,2.054794,5.960425,6.202832,6.202832,114,85,67,28,35,26,8.141274,8.141274,12.5,1.714286,4,1,3
92,4,121,8,354,77,68,39,72.22261,5.18,9.2,5.53826,10.934197,4.2,47.826087,0.836956,0.423913,4.066031,0.73913,7.08949,5.013027,0.014784,0.93315,0.954146,67.64097,1.352941,7.08949,3.266022,3.266022,67,53,32,14,13,12,3.304162,3.304162,23,0.666667,1,0,3
111,9,134,7,403,92,79,43,92.186935,0.89,4.8,3.148109,7.908726,-1.3,42.342342,0.828829,0.387387,4.081379,0.711712,7.498348,5.302133,0.015333,0.927789,0.951631,65.218544,1.405063,7.498348,2.370326,2.370326,82,55,38,24,14,10,4.471658,4.471658,12.333333,1.5,2,1,3
55,5,70,5,209,39,45,27,87.99728,0.5,4.4,3.853091,8.841846,-1.8,40,0.709091,0.490909,3.640679,0.818182,6.067799,4.290582,0.012496,0.949924,0.962991,80.02523,1.222222,6.067799,0.756787,0.756787,39,23,10,8,2,6,2.791838,2.791838,11,1.25,6,0,3
111,12,132,4,387,101,78,41,96.84084,-0.28,3.6,1.500541,6.07915,-2.8,48.648649,0.90991,0.369369,3.891548,0.702703,7.403432,5.235017,0.015907,0.925083,0.949747,62.86375,1.423077,7.403432,3.192715,3.192715,93,61,36,27,6,15,5.175724,5.175724,9.25,2,16,0,3
106,6,166,20,516,85,81,53,56.41654,2.84,6.8,11.147926,13.5591,5.91,63.207547,0.801887,0.5,5.147815,0.764151,7.867415,5.563103,0.012369,0.942319,0.961415,80.84936,1.308642,7.867415,4.275679,4.275679,58,66,51,26,15,11,5.324939,5.324939,17.666666,6,0,1,3
155,12,210,13,595,135,93,55,79.105225,0.89,4.8,4.48,8.447377,-1.3,47.096774,0.870968,0.354839,4.417707,0.6,7.46994,5.282045,0.020083,0.898715,0.934002,49.794167,1.666667,7.46994,3.568649,3.568649,124,80,55,33,11,19,5.158487,5.158487,12.916667,4,0,0,3
139,8,251,34,706,122,92,62,36.43247,2.84,6.8,12.361728,13.662884,10.62,59.71223,0.877698,0.446043,5.258771,0.661871,7.803338,5.517793,0.016949,0.916367,0.945285,59.001446,1.51087,7.803338,7.45962,7.45962,74,76,70,64,36,19,6.023472,6.023472,17.375,8,0,1,3
100,6,179,26,514,78,61,41,38.484337,2.45,6.4,12.6472,15.02113,10.12,55,0.78,0.41,4.1,0.61,6.1,4.313351,0.023308,0.892665,0.925651,42.904613,1.639344,6.1,5.04545,5.04545,44,50,48,33,27,14,4.091213,4.091213,16.666666,6,1,5,3
119,4,186,18,586,75,94,71,44.406815,7.52,11.6,12.160336,14.836746,11.91,47.058824,0.630252,0.596639,6.508559,0.789916,8.616966,6.093115,0.010325,0.950654,0.967649,96.850044,1.265958,8.616966,4.016322,4.016322,56,49,36,27,19,9,4.182723,4.182723,29.75,1.333333,4,1,3
72,4,96,8,291,60,56,38,75.765,3.23,7.2,6.320555,10.934197,6.41,48.611111,0.833333,0.527778,4.478343,0.777778,6.599663,4.666666,0.013741,0.941236,0.958325,72.776855,1.285714,6.599663,2.001691,2.001691,42,40,29,26,11,10,2.987805,2.987805,18,4,2,1,3
96,6,164,24,489,69,74,49,46.069996,2.45,6.4,12.30125,14.554592,10.12,54.166667,0.71875,0.510417,5.001041,0.770833,7.552593,5.34049,0.012494,0.942975,0.961327,80.040825,1.297297,7.552593,3.923528,3.923528,47,44,41,26,22,7,4.014061,4.014061,16,6,1,1,3
133,7,195,12,596,122,94,61,63.512405,3.62,7.6,8.991579,10.355216,6.91,52.631579,0.917293,0.458647,5.289371,0.706767,8.150834,5.76351,0.014512,0.929033,0.953624,68.909996,1.414894,8.150834,6.247239,6.247239,91,70,58,38,31,16,6.340874,6.340874,19,7,0,0,3
214,11,319,26,922,178,114,75,60.979286,3.62,7.6,8.011963,10.65028,6.91,51.401869,0.831776,0.350467,5.126894,0.53271,7.79288,5.510398,0.021872,0.882635,0.925692,45.720425,1.877193,7.79288,7.668622,7.668622,137,115,74,68,38,26,8.416824,8.416824,19.454546,5.5,9,0,4
165,7,212,12,647,140,99,58,74.21182,5.18,9.2,6.00097,10.355216,4.2,49.69697,0.848485,0.351515,4.515294,0.6,7.70714,5.44977,0.019594,0.899955,0.935347,51.036358,1.666667,7.70714,7.558374,7.558374,112,87,59,42,20,13,5.599156,5.599156,23.571428,3.5,2,0,4
172,7,245,15,721,148,108,68,61.38919,5.57,9.6,7.643489,11.208143,9.41,46.511628,0.860465,0.395349,5.184951,0.627907,8.234922,5.82297,0.017563,0.909594,0.942169,56.93767,1.592593,8.234922,6.232492,6.232492,110,94,76,52,31,19,7.206227,7.206227,24.571428,7,5,3,4
221,13,315,18,958,190,136,88,68.99629,2.84,6.8,7.947692,9.3871,5.91,51.58371,0.859729,0.39819,5.91952,0.615385,9.14835,6.46886,0.016661,0.910061,0.944104,60.019962,1.625,9.14835,6.034754,6.034754,126,127,93,55,32,24,5.271858,5.271858,17,1.857143,6,1,4
153,4,234,21,694,116,111,72,38.623013,11.03,15.2,10.097517,15.774803,16.41,56.20915,0.75817,0.470588,5.820855,0.72549,8.973818,6.345447,0.012681,0.936207,0.959196,78.8554,1.378378,8.973818,5.550705,5.550705,84,82,52,40,31,18,5.888014,5.888014,38.25,1.333333,12,4,4
207,13,281,16,863,164,125,85,75.8296,2.06,6,6.855265,9.029199,4.91,49.275362,0.792271,0.410628,5.907908,0.603865,8.688101,6.143415,0.017737,0.905413,0.940638,56.379074,1.656,8.688101,5.437865,5.437865,125,121,75,38,28,25,8.315439,8.315439,15.923077,6.5,1,0,4
244,11,345,27,1047,186,137,87,64.7016,4.79,8.8,8.096558,10.793553,8.41,51.229508,0.762295,0.356557,5.569604,0.561475,8.770526,6.201699,0.0191,0.895003,0.93491,52.355377,1.781022,8.770526,10.115027,10.115027,134,144,91,60,51,28,10.275203,10.275203,22.181818,1.222222,18,3,4
118,5,191,20,566,86,85,52,45.943707,5.18,9.2,11.149832,14.554592,8.91,58.474576,0.728814,0.440678,4.786988,0.720339,7.824884,5.533029,0.014413,0.93124,0.954407,69.381454,1.388235,7.824884,6.12478,6.12478,62,66,46,32,32,10,2.959821,2.959821,23.6,1.666667,7,1,4
140,6,206,16,606,101,100,74,58.668816,5.18,9.2,8.383427,12.457975,8.91,49.285714,0.721429,0.528571,6.254141,0.714286,8.451543,5.976143,0.013779,0.931911,0.955863,72.576065,1.4,8.451543,2.259717,2.259717,76,63,56,32,22,20,3.700026,3.700026,23.333334,1.2,4,3,4
91,7,163,20,476,63,67,47,42.10374,1.28,5.2,12.679998,12.457975,8.62,56.043956,0.692308,0.516484,4.926939,0.736264,7.023509,4.966371,0.015047,0.932127,0.953344,66.46001,1.358209,7.023509,2.758724,2.758724,44,38,34,20,15,7,4.852445,4.852445,13,3.5,1,0,4
132,6,189,18,566,109,82,48,63.373188,4.79,8.8,8.067274,13.023867,8.41,53.030303,0.825758,0.363636,4.177864,0.621212,7.137184,5.046751,0.019968,0.902498,0.935305,50.07902,1.609756,7.137184,5.585735,5.585735,69,73,54,41,17,18,5.20602,5.20602,22,1.5,0,0,4
173,7,233,18,742,138,114,75,67.80896,5.57,9.6,8.221734,11.979248,9.41,55.491329,0.797688,0.433526,5.702145,0.65896,8.667259,6.128678,0.015706,0.919063,0.948525,63.670223,1.517544,8.667259,7.32783,7.32783,97,98,62,36,37,19,6.2846,6.2846,24.714285,1.75,5,4,4
179,11,267,22,820,143,121,84,64.12712,2.45,6.4,9.317318,10.04758,5.41,58.100559,0.798883,0.469274,6.278455,0.675978,9.043964,6.395049,0.014553,0.92451,0.952321,68.716286,1.479339,9.043964,9.099632,9.099632,99,92,64,38,35,17,6.796114,6.796114,16.272728,2.75,5,1,4
507,21,675,48,2028,457,212,131,69.69687,5.57,9.6,6.493965,10.355216,9.41,46.153846,0.901381,0.258383,5.817914,0.418146,9.415251,6.657587,0.022476,0.860011,0.917551,44.492775,2.39151,9.415251,21.27453,21.27453,383,318,193,123,72,52,23.444817,23.444817,24.142857,2.333333,10,1,4
172,14,246,16,751,155,99,68,73.367325,0.89,4.8,7.464418,9.029199,3.41,48.837209,0.901163,0.395349,5.184951,0.575581,7.548679,5.337722,0.020847,0.892691,0.93072,47.96871,1.737374,7.548679,7.345402,7.345402,132,101,71,44,33,17,8.056845,8.056845,12.285714,1.4,13,0,4
137,9,215,22,650,112,90,66,58.61802,2.06,6,10.153284,11.602472,4.91,62.773723,0.817518,0.481752,5.638761,0.656934,7.689219,5.437099,0.017358,0.914599,0.943972,57.610348,1.522222,7.689219,4.277569,4.277569,85,90,56,37,21,17,5.378356,5.378356,15.222222,2.25,16,0,4
433,16,592,44,1721,409,204,123,63.700977,6.74,10.8,6.476858,10.04758,6.2,52.424942,0.944573,0.284065,5.911003,0.471132,9.803615,6.932202,0.020422,0.876025,0.926608,48.967564,2.122549,9.803615,18.41771,18.41771,332,261,175,93,52,47,19.611868,19.611868,27.0625,2,5,0,4
119,8,176,11,526,91,87,58,66.61418,1.67,5.6,8.200671,9.120679,4.41,40.336134,0.764706,0.487395,5.316851,0.731092,7.975277,5.639372,0.013713,0.934462,0.956667,72.921135,1.367816,7.975277,4.979891,4.979891,67,65,49,36,20,15,6.088612,6.088612,14.875,1,3,0,4
167,11,262,25,812,130,124,78,58.699703,2.06,6,10.840481,10.504224,4.91,52.694611,0.778443,0.467066,6.035821,0.742515,9.595408,6.784978,0.011366,0.94183,0.963295,87.98382,1.346774,9.595408,4.824207,4.824207,94,89,73,45,30,25,6.596774,6.596774,15.181818,1.833333,1,0,4
162,9,248,26,741,124,105,78,59.053886,3.23,7.2,9.451113,12.340627,6.41,47.530864,0.765432,0.481482,6.128259,0.648148,8.249579,5.833334,0.016753,0.914766,0.945238,59.68978,1.542857,8.249579,7.937826,7.937826,96,92,79,57,35,21,7.991768,7.991768,18,2.25,0,0,4
157,11,263,27,771,139,92,55,50.62971,1.67,5.6,11.001784,10.793553,4.41,57.961783,0.88535,0.350318,4.389478,0.585987,7.342399,5.19186,0.020905,0.894298,0.931066,47.83474,1.706522,7.342399,5.444479,5.444479,100,83,87,50,36,22,7.073897,7.073897,14.272727,2.2,0,0,4
102,8,168,24,487,83,73,46,54.55257,0.89,4.8,9.952549,11.979248,3.41,48.039216,0.813725,0.45098,4.554679,0.715686,7.228077,5.111022,0.015638,0.927672,0.950977,63.944748,1.39726,7.228077,3.671997,3.671997,53,53,45,27,23,10,4.855459,4.855459,12.75,1.142857,5,0,4
179,14,287,25,877,129,129,92,58.213924,0.89,4.8,10.69363,10.504224,3.41,53.631285,0.72067,0.513966,6.876403,0.72067,9.641912,6.817862,0.012173,0.936852,0.960376,82.146385,1.387597,9.641912,4.723247,4.723247,103,86,67,46,27,27,4.482349,4.482349,12.785714,2.333333,1,0,4
133,8,215,22,631,104,96,60,53.201225,2.45,6.4,10.316391,11.602472,5.41,43.609023,0.781955,0.451128,5.20266,0.721804,8.324256,5.886138,0.013631,0.933338,0.956537,73.36026,1.385417,8.324256,7.296862,7.296862,79,70,55,32,22,20,5.0959,5.0959,16.625,1.142857,5,0,4
154,10,256,33,747,132,96,65,50.570232,2.06,6,10.799741,13.506819,4.91,57.792208,0.857143,0.422078,5.237849,0.623377,7.7359,5.470108,0.018628,0.906173,0.939061,53.683147,1.604167,7.7359,6.920272,6.920272,78,91,72,57,39,26,6.530533,6.530533,15.4,2.5,2,0,4
162,9,240,22,713,104,97,66,63.23167,3.23,7.2,8.434815,11.602472,6.41,49.382716,0.641975,0.407407,5.18545,0.598765,7.62104,5.388889,0.019815,0.899189,0.934681,50.46671,1.670103,7.62104,6.525837,6.525837,83,65,49,28,16,18,6.586124,6.586124,18,0.6,0,0,4
179,10,258,26,757,139,106,69,66.729065,2.84,6.8,7.413185,12.340627,5.91,53.072626,0.776536,0.385475,5.157302,0.592179,7.922812,5.602274,0.019471,0.898996,0.935321,51.358223,1.688679,7.922812,6.872487,6.872487,108,104,74,38,21,23,6.355391,6.355391,17.9,0.555556,1,0,4
165,9,231,13,720,139,107,70,69.78667,3.23,7.2,8.243637,9.642632,6.41,44.848485,0.842424,0.424242,5.449492,0.648485,8.329939,5.890156,0.016613,0.915174,0.945632,60.193207,1.542056,8.329939,10.520603,10.520603,106,95,53,40,24,21,9.763502,9.763502,18.333334,1.5,15,0,4
169,8,281,34,863,108,114,86,44.726856,4.4,8.400001,12.825088,13.662884,12.62,47.337278,0.639053,0.508876,6.615385,0.674556,8.769231,6.200783,0.014961,0.923254,0.951164,66.84238,1.482456,8.769231,6.537056,6.537056,67,81,72,59,40,27,6.376765,6.376765,21.125,1.6,5,1,4
119,5,194,23,594,98,89,64,44.75867,5.18,9.2,12.306891,15.381576,8.91,62.184874,0.823529,0.537815,5.86687,0.747899,8.158617,5.769013,0.012718,0.939218,0.959912,78.626625,1.337079,8.158617,6.453856,6.453856,56,61,58,42,28,21,5.063222,5.063222,23.8,5,0,0,4
404,28,593,48,1758,330,230,154,68.012276,1.67,5.6,7.735249,10.355216,4.41,53.465347,0.816832,0.381188,7.661787,0.569307,11.442927,8.091372,0.015641,0.906133,0.944995,63.935215,1.756522,11.442927,16.745182,16.745182,255,246,144,131,67,63,16.898298,16.898298,14.428572,3.5,7,2,5
285,16,395,33,1210,225,164,113,71.502686,2.84,6.8,7.502456,9.120679,5.91,51.929825,0.789474,0.396491,6.693543,0.575439,9.714521,6.869204,0.017296,0.902234,0.940603,57.816357,1.737805,9.714521,8.349018,8.349018,173,160,94,52,37,31,7.294828,7.294828,17.8125,4,4,3,5
186,11,242,18,753,144,117,76,79.60131,2.45,6.4,6.253979,9.3871,5.41,50.537634,0.774193,0.408602,5.57259,0.629032,8.578856,6.066167,0.016975,0.911291,0.943823,58.908615,1.589744,8.578856,9.532147,9.532147,103,107,64,39,26,20,6.539491,6.539491,16.90909,2.75,3,0,5
476,24,666,46,2020,402,220,155,68.33526,3.62,7.6,7.660504,10.203071,6.91,49.579832,0.844538,0.32563,7.104413,0.462185,10.083683,7.130241,0.020304,0.874819,0.926476,49.25221,2.163636,10.083683,16.623684,16.623684,310,276,177,137,74,63,16.214384,16.214384,19.833334,3,7,2,5
435,26,655,53,1943,357,243,164,62.467064,2.45,6.4,8.694804,10.722255,5.41,50.574713,0.82069,0.377011,7.863198,0.558621,11.650958,8.238472,0.015776,0.904156,0.944157,63.387955,1.790123,11.650958,13.44521,13.44521,274,233,184,125,59,47,17.615158,17.615158,16.73077,3.25,17,4,5
532,26,743,47,2244,455,255,183,67.91277,4.01,8,7.55549,10.279548,7.41,50.93985,0.855263,0.343985,7.934056,0.479323,11.055652,7.817526,0.018666,0.882839,0.932159,53.57265,2.086275,11.055652,20.746319,20.746319,366,295,228,180,73,63,19.552402,19.552402,20.461538,3.25,14,1,5
283,20,470,49,1444,255,148,98,51.97099,1.67,5.6,12.110673,10.4301,9.12,64.664311,0.90106,0.34629,5.825495,0.522968,8.797687,6.220904,0.020339,0.885176,0.929532,49.16595,1.912162,8.797687,11.232146,11.232146,186,142,110,65,35,38,11.211688,11.211688,14.15,5,29,1,5
228,11,275,6,840,197,122,71,83.75734,4.01,8,4.435088,6.742158,2.7,44.298246,0.864035,0.311403,4.70209,0.535088,8.079647,5.713173,0.021213,0.884825,0.927672,47.139988,1.868853,8.079647,6.994769,6.994769,158,152,81,52,31,28,10.228059,10.228059,20.727272,5.5,24,0,5
231,15,289,10,930,193,133,80,85.362434,2.06,6,5.950648,7.793538,4.91,51.082251,0.835498,0.34632,5.263614,0.575758,8.750757,6.18772,0.018638,0.898562,0.936868,53.65259,1.736842,8.750757,12.187483,12.187483,156,171,100,77,50,28,12.41606,12.41606,15.4,15,29,1,5
226,14,347,30,1039,197,137,91,60.55531,2.45,6.4,9.398762,11.208143,5.41,49.557522,0.871681,0.402655,6.05323,0.606195,9.113105,6.443938,0.017036,0.907656,0.942675,58.699352,1.649635,9.113105,9.792767,9.792767,157,124,85,52,24,28,10.650116,10.650116,16.142857,3.5,25,0,5
263,12,413,41,1249,237,155,107,51.738636,4.4,8.400001,10.773842,12.573867,7.91,60.076046,0.901141,0.406844,6.597903,0.589354,9.55771,6.758321,0.017029,0.905112,0.941962,58.723667,1.696774,9.55771,9.668061,9.668061,182,157,104,74,32,18,10.796876,10.796876,21.916666,12,24,0,5
253,18,334,19,1078,227,157,103,80.88323,1.67,5.6,7.147984,7.675432,4.41,55.335968,0.897233,0.407115,6.475555,0.620553,9.870505,6.979501,0.015584,0.91377,0.94729,64.17019,1.611465,9.870505,7.747614,7.747614,177,154,93,61,33,33,8.201139,8.201139,14.055555,4.5,32,0,5
201,11,328,35,983,164,120,85,50.234447,3.23,7.2,11.336516,11.855464,6.41,47.761194,0.81592,0.422886,5.995438,0.597015,8.464148,5.985056,0.01834,0.902737,0.938667,54.52564,1.675,8.464148,6.812632,6.812632,126,113,79,57,41,22,8.43854,8.43854,18.272728,1.375,0,2,5
227,13,320,19,999,170,143,100,69.85163,2.84,6.8,8.382028,9.558584,5.91,46.255507,0.748899,0.440529,6.637233,0.629956,9.491243,6.711322,0.015702,0.914818,0.947351,63.68695,1.587413,9.491243,10.27779,10.27779,137,128,95,68,60,34,14.086814,14.086814,17.461538,2.166667,5,0,5
192,9,284,27,903,139,126,94,60.04417,4.4,8.400001,10.466875,12.5161,7.91,44.270833,0.723958,0.489583,6.783866,0.65625,9.093267,6.429911,0.015239,0.919883,0.949683,65.62292,1.52381,9.093267,5.294686,5.294686,101,94,77,52,35,21,5.150486,5.150486,21.333334,2.25,2,0,5
267,21,402,44,1193,216,156,108,66.55472,0.89,4.8,8.14472,10.04758,3.41,50.561798,0.808989,0.404494,6.609493,0.58427,9.547045,6.75078,0.017215,0.903818,0.941222,58.09039,1.711538,9.547045,11.700296,11.700296,175,146,96,78,56,23,13.337146,13.337146,12.714286,3,3,0,5
184,10,266,24,808,157,115,73,65.85683,3.23,7.2,8.412175,11.979248,6.41,50,0.853261,0.396739,5.381631,0.625,8.477913,5.99479,0.017282,0.909874,0.942811,57.862434,1.6,8.477913,8.40338,8.40338,116,91,70,54,32,24,9.953836,9.953836,18.4,2,20,1,5
214,13,289,20,878,187,141,93,75.87701,2.45,6.4,6.526354,9.725611,5.41,47.196262,0.873832,0.434579,6.357349,0.658879,9.638561,6.815492,0.01449,0.922248,0.951823,69.01387,1.517731,9.638561,11.410479,11.410479,137,133,86,55,42,29,11.008957,11.008957,16.461538,2.166667,23,0,5
263,13,421,36,1277,234,157,106,50.876434,4.01,8,11.287298,11.979248,7.41,61.977186,0.889734,0.403042,6.53624,0.596958,9.681035,6.845525,0.016616,0.907413,0.94344,60.18299,1.675159,9.681035,11.845188,11.845188,173,143,108,68,53,28,9.214646,9.214646,20.23077,4.333334,22,0,5
298,15,449,41,1374,280,149,91,59.202553,3.62,7.6,9.821208,12.573867,6.91,59.731544,0.939597,0.305369,5.271489,0.5,8.631338,6.103278,0.021356,0.878333,0.925441,46.82537,2,8.631338,14.581955,14.581955,190,183,124,105,71,44,13.942312,13.942312,19.866667,3,26,0,5
285,17,437,46,1269,269,143,91,60.098827,2.45,6.4,8.615859,10.203071,5.41,52.631579,0.94386,0.319298,5.390375,0.501754,8.470589,5.989611,0.021585,0.877993,0.924879,46.329132,1.993007,8.470589,11.082322,11.082322,183,172,117,87,50,37,16.18769,16.18769,16.764706,3.4,28,0,5
227,22,299,20,943,185,142,93,84.928566,0.11,4,5.757885,7.793538,2.41,46.696035,0.814978,0.409692,6.172627,0.625551,9.424871,6.66439,0.01594,0.913525,0.946514,62.73426,1.598592,9.424871,5.716754,5.716754,149,122,67,52,26,30,6.775704,6.775704,10.318182,22,8,0,5
272,10,431,43,1329,234,172,123,45.17332,6.74,10.8,11.841618,14.975303,10.91,50.735294,0.860294,0.452206,7.457971,0.632353,10.429032,7.374439,0.014584,0.918244,0.950521,68.56753,1.581395,10.429032,11.766963,11.766963,158,156,99,78,55,35,11.686836,11.686836,27.2,1.666667,9,0,5
289,14,491,58,1509,244,176,135,42.15032,4.01,8,13.468235,14.362554,12.12,62.283737,0.844291,0.467128,7.941176,0.608997,10.352942,7.320635,0.015446,0.912477,0.947196,64.74214,1.642046,10.352942,13.761721,13.761721,156,156,139,93,63,47,13.679525,13.679525,20.642857,2,3,0,5
241,11,385,38,1166,212,140,100,49.4479,4.4,8.400001,11.297428,12.221764,7.91,58.506224,0.879668,0.414938,6.441567,0.580913,9.018193,6.376825,0.018055,0.900971,0.938729,55.385708,1.721429,9.018193,13.150023,13.150023,146,150,118,94,69,40,12.995488,12.995488,21.90909,3.666667,5,1,5
251,15,427,52,1247,216,137,90,45.92955,2.45,6.4,11.643667,13.765655,5.41,56.972112,0.860558,0.358566,5.680749,0.545817,8.647364,6.114609,0.019832,0.890421,0.932103,50.42451,1.832117,8.647364,14.762643,14.762643,143,148,101,79,61,28,10.060516,10.060516,16.733334,2.5,1,1,5
252,12,405,45,1211,209,149,100,49.555717,4.4,8.400001,11.047142,13.023867,7.91,57.539683,0.829365,0.396825,6.299408,0.59127,9.386118,6.636988,0.017187,0.904966,0.941607,58.183804,1.691275,9.386118,10.472644,10.472644,156,133,99,66,39,24,10.749539,10.749539,21,2.4,7,2,5
323,17,473,41,1456,260,173,121,63.66208,3.62,7.6,9.147615,9.807559,6.91,55.108359,0.804954,0.374613,6.73262,0.535604,9.625977,6.806594,0.018704,0.891935,0.934799,53.46471,1.867052,9.625977,11.508575,11.508575,188,184,148,95,62,51,15.825644,15.825644,19,5.666666,3,0,5
318,12,483,42,1449,253,156,105,51.44127,6.35,10.400001,9.875851,12.688353,10.41,42.138365,0.795597,0.330189,5.888108,0.490566,8.748046,6.185803,0.021451,0.876399,0.924665,46.618156,2.038461,8.748046,12.272481,12.272481,206,177,130,100,65,48,12.686008,12.686008,26.5,3,2,2,5
418,28,620,45,1882,317,248,182,66.19924,1.67,5.6,8.691292,10.125756,4.41,52.15311,0.758373,0.435407,8.901911,0.593301,12.130076,8.577259,0.014331,0.913503,0.949674,69.77655,1.685484,12.130076,26.583757,26.583757,232,207,168,113,87,63,14.963479,14.963479,14.928572,4.666666,8,1,5
295,12,463,52,1402,206,176,134,49.103935,5.57,9.6,10.940882,13.765655,9.41,50.508475,0.698305,0.454237,7.801782,0.59661,10.247116,7.245805,0.01597,0.90918,0.945223,62.618065,1.676136,10.247116,10.303021,10.303021,151,149,109,77,56,35,11.630012,11.630012,24.583334,2.4,3,1,5
470,24,673,52,2082,385,233,172,65.81792,3.62,7.6,8.73566,10.65028,6.91,51.914894,0.819149,0.365957,7.933768,0.495745,10.747489,7.599622,0.018536,0.885954,0.933353,53.949593,2.017167,10.747489,17.80552,17.80552,302,241,194,135,98,66,17.288176,17.288176,19.583334,8,17,4,6
345,10,549,57,1661,300,182,117,37.193157,9.47,13.6,11.651247,16.768095,14.41,56.231884,0.869565,0.33913,6.299068,0.527536,9.798551,6.928622,0.018729,0.890556,0.934342,53.393272,1.895604,9.798551,16.821215,16.821215,197,224,150,124,89,43,16.706573,16.706573,34.5,2.5,3,1,6
407,24,594,44,1725,361,215,150,66.15202,2.45,6.4,7.375923,10.04758,5.41,51.351351,0.886978,0.36855,7.435224,0.528255,10.657154,7.535746,0.017675,0.893793,0.937386,56.576687,1.893023,10.657154,13.308577,13.308577,266,231,160,103,64,42,17.787125,17.787125,16.958334,6,18,1,6
316,15,549,67,1621,261,182,133,38.47322,4.4,8.400001,12.957848,15.202698,12.62,60.126582,0.825949,0.420886,7.481834,0.575949,10.2383,7.239571,0.016654,0.904142,0.942424,60.044292,1.736264,10.2383,16.651339,16.651339,166,164,156,116,71,49,12.282171,12.282171,21.066668,3.75,7,2,6
295,17,444,42,1357,261,156,101,61.891594,2.84,6.8,9.542237,9.888513,5.91,57.288136,0.884746,0.342373,5.880447,0.528814,9.082671,6.422419,0.0197,0.887969,0.931642,50.76237,1.891026,9.082671,11.93347,11.93347,192,166,113,78,47,31,13.042736,13.042736,17.352942,3.4,7,0,6
359,17,537,49,1642,321,209,138,58.854073,4.4,8.400001,9.692369,10.4301,7.91,56.545961,0.89415,0.384401,7.283361,0.582173,11.030598,7.799811,0.015629,0.908047,0.945569,63.98196,1.717703,11.030598,12.636536,12.636536,222,211,170,118,73,53,13.037681,13.037681,21.117647,3.4,2,0,6
387,15,641,70,1927,327,214,160,40.522423,5.96,10,12.331162,15.470042,9.91,58.914729,0.844961,0.413437,8.133257,0.552972,10.878231,7.692071,0.016687,0.90057,0.941323,59.92557,1.808411,10.878231,13.56104,13.56104,246,213,140,107,58,42,20.34318,20.34318,25.8,3,4,0,6
302,13,504,61,1517,243,177,130,42.069016,5.18,9.2,12.462118,14.649411,13.62,58.609272,0.804636,0.430464,7.480659,0.586093,10.185205,7.202028,0.016384,0.906438,0.943619,61.033806,1.706215,10.185205,25.289896,25.289896,169,157,133,99,59,31,11.371363,11.371363,23.23077,2.6,7,3,6
347,15,524,47,1580,297,197,129,55.601357,5.18,9.2,9.693949,13.24136,8.91,55.043228,0.855908,0.371758,6.925083,0.567723,10.575514,7.478018,0.016546,0.903216,0.94237,60.436897,1.761421,10.575514,11.833941,11.833941,222,199,164,100,82,34,15.531106,15.531106,23.133333,5,7,1,6
343,16,501,39,1536,281,192,137,61.505676,4.4,8.400001,9.150671,9.642632,7.91,53.644315,0.819242,0.399417,7.397304,0.559767,10.367025,7.330594,0.017026,0.900606,0.940665,58.733257,1.786458,10.367025,13.538469,13.538469,226,209,136,100,86,32,16.612305,16.612305,21.4375,5.333334,6,4,6
324,15,504,47,1567,272,193,134,53.310997,4.4,8.400001,11.267777,13.24136,7.91,57.098765,0.839506,0.41358,7.444445,0.595679,10.722222,7.581756,0.015503,0.910383,0.946487,64.50494,1.678756,10.722222,13.164656,13.164656,191,188,128,107,62,52,15.737822,15.737822,21.6,2.142857,2,1,6
